Temperature (C)	Pressure (atm)	Density (kg/m3)	Volume (m3/kg)	Internal Energy (kJ/kg)	Enthalpy (kJ/kg)	Entropy (J/g*K)	Cv (J/g*K)	Cp (J/g*K)	Sound Spd. (m/s)	Joule-Thomson (F/atm)	Viscosity (Pa*s)	Therm. Cond. (W/m*K)	Phase
0.0000	1.0000	1.7840	0.56055	85.093	141.89	3.8273	0.31244	0.52185	307.86	0.78433	2.1017e-05	0.016483	vapor
10.000	1.0000	1.7207	0.58115	88.223	147.11	3.8460	0.31242	0.52172	313.46	0.73440	2.1666e-05	0.016993	vapor
20.000	1.0000	1.6618	0.60175	91.353	152.33	3.8641	0.31240	0.52161	318.96	0.68860	2.2307e-05	0.017496	vapor
30.000	1.0000	1.6068	0.62234	94.482	157.54	3.8816	0.31238	0.52151	324.37	0.64644	2.2940e-05	0.017993	vapor
40.000	1.0000	1.5554	0.64293	97.611	162.76	3.8985	0.31237	0.52142	329.68	0.60752	2.3565e-05	0.018484	vapor
50.000	1.0000	1.5071	0.66351	100.74	167.97	3.9149	0.31235	0.52134	334.91	0.57149	2.4183e-05	0.018969	vapor
60.000	1.0000	1.4618	0.68410	103.87	173.18	3.9308	0.31234	0.52127	340.06	0.53803	2.4793e-05	0.019449	vapor
70.000	1.0000	1.4191	0.70468	106.99	178.39	3.9462	0.31233	0.52121	345.14	0.50688	2.5397e-05	0.019922	vapor
80.000	1.0000	1.3788	0.72525	110.12	183.61	3.9612	0.31232	0.52115	350.13	0.47783	2.5994e-05	0.020391	vapor
90.000	1.0000	1.3408	0.74583	113.25	188.82	3.9758	0.31231	0.52110	355.06	0.45066	2.6584e-05	0.020854	vapor
100.00	1.0000	1.3048	0.76640	116.37	194.03	3.9899	0.31231	0.52105	359.92	0.42521	2.7167e-05	0.021311	vapor
110.00	1.0000	1.2707	0.78697	119.50	199.24	4.0037	0.31230	0.52100	364.72	0.40131	2.7745e-05	0.021764	vapor
120.00	1.0000	1.2383	0.80754	122.62	204.45	4.0171	0.31229	0.52097	369.45	0.37884	2.8316e-05	0.022212	vapor
130.00	1.0000	1.2076	0.82810	125.75	209.66	4.0302	0.31229	0.52093	374.12	0.35767	2.8881e-05	0.022655	vapor
140.00	1.0000	1.1783	0.84867	128.88	214.87	4.0430	0.31228	0.52090	378.73	0.33770	2.9441e-05	0.023094	vapor
150.00	1.0000	1.1504	0.86923	132.00	220.08	4.0554	0.31228	0.52087	383.29	0.31882	2.9994e-05	0.023528	vapor
160.00	1.0000	1.1239	0.88980	135.13	225.28	4.0676	0.31227	0.52084	387.79	0.30096	3.0543e-05	0.023958	vapor
170.00	1.0000	1.0985	0.91036	138.25	230.49	4.0795	0.31227	0.52081	392.24	0.28403	3.1086e-05	0.024383	vapor
180.00	1.0000	1.0742	0.93092	141.38	235.70	4.0911	0.31227	0.52079	396.65	0.26797	3.1624e-05	0.024805	vapor
190.00	1.0000	1.0510	0.95148	144.50	240.91	4.1025	0.31226	0.52076	401.00	0.25271	3.2156e-05	0.025222	vapor
200.00	1.0000	1.0288	0.97204	147.62	246.12	4.1136	0.31226	0.52074	405.31	0.23820	3.2684e-05	0.025635	vapor
210.00	1.0000	1.0075	0.99260	150.75	251.32	4.1245	0.31226	0.52072	409.57	0.22438	3.3207e-05	0.026045	vapor
220.00	1.0000	0.98702	1.0132	153.87	256.53	4.1351	0.31226	0.52071	413.78	0.21120	3.3725e-05	0.026450	vapor
230.00	1.0000	0.96739	1.0337	157.00	261.74	4.1456	0.31225	0.52069	417.96	0.19863	3.4239e-05	0.026852	vapor
240.00	1.0000	0.94853	1.0543	160.12	266.94	4.1558	0.31225	0.52067	422.09	0.18662	3.4748e-05	0.027251	vapor
250.00	1.0000	0.93039	1.0748	163.24	272.15	4.1659	0.31225	0.52066	426.18	0.17514	3.5253e-05	0.027646	vapor
260.00	1.0000	0.91293	1.0954	166.37	277.36	4.1758	0.31225	0.52064	430.23	0.16416	3.5753e-05	0.028037	vapor
270.00	1.0000	0.89612	1.1159	169.49	282.56	4.1854	0.31225	0.52063	434.25	0.15364	3.6250e-05	0.028426	vapor
280.00	1.0000	0.87991	1.1365	172.62	287.77	4.1949	0.31225	0.52062	438.23	0.14355	3.6742e-05	0.028811	vapor
290.00	1.0000	0.86428	1.1570	175.74	292.98	4.2043	0.31224	0.52061	442.17	0.13388	3.7230e-05	0.029193	vapor
300.00	1.0000	0.84919	1.1776	178.86	298.18	4.2134	0.31224	0.52060	446.08	0.12459	3.7715e-05	0.029571	vapor
310.00	1.0000	0.83463	1.1981	181.99	303.39	4.2224	0.31224	0.52059	449.95	0.11567	3.8195e-05	0.029947	vapor
320.00	1.0000	0.82055	1.2187	185.11	308.59	4.2313	0.31224	0.52058	453.79	0.10709	3.8672e-05	0.030320	vapor
330.00	1.0000	0.80695	1.2392	188.23	313.80	4.2400	0.31224	0.52057	457.60	0.098842	3.9145e-05	0.030690	vapor
340.00	1.0000	0.79378	1.2598	191.36	319.01	4.2485	0.31224	0.52056	461.37	0.090899	3.9615e-05	0.031057	vapor
350.00	1.0000	0.78104	1.2803	194.48	324.21	4.2570	0.31224	0.52055	465.12	0.083249	4.0081e-05	0.031421	vapor
360.00	1.0000	0.76870	1.3009	197.60	329.42	4.2652	0.31224	0.52054	468.84	0.075875	4.0544e-05	0.031782	vapor
370.00	1.0000	0.75675	1.3214	200.73	334.62	4.2734	0.31223	0.52054	472.52	0.068764	4.1004e-05	0.032141	vapor
380.00	1.0000	0.74516	1.3420	203.85	339.83	4.2814	0.31223	0.52053	476.18	0.061902	4.1460e-05	0.032498	vapor
390.00	1.0000	0.73392	1.3625	206.97	345.03	4.2893	0.31223	0.52052	479.81	0.055277	4.1913e-05	0.032851	vapor
400.00	1.0000	0.72302	1.3831	210.10	350.24	4.2971	0.31223	0.52052	483.41	0.048878	4.2363e-05	0.033203	vapor
410.00	1.0000	0.71244	1.4036	213.22	355.44	4.3048	0.31223	0.52051	486.99	0.042694	4.2810e-05	0.033551	vapor
420.00	1.0000	0.70216	1.4242	216.34	360.65	4.3124	0.31223	0.52050	490.54	0.036713	4.3254e-05	0.033898	vapor
430.00	1.0000	0.69217	1.4447	219.47	365.85	4.3198	0.31223	0.52050	494.06	0.030928	4.3694e-05	0.034242	vapor
440.00	1.0000	0.68246	1.4653	222.59	371.06	4.3272	0.31223	0.52049	497.56	0.025329	4.4133e-05	0.034584	vapor
450.00	1.0000	0.67303	1.4858	225.71	376.26	4.3344	0.31223	0.52049	501.04	0.019907	4.4568e-05	0.034923	vapor
460.00	1.0000	0.66385	1.5064	228.83	381.47	4.3416	0.31223	0.52048	504.49	0.014655	4.5000e-05	0.035261	vapor
470.00	1.0000	0.65491	1.5269	231.96	386.67	4.3486	0.31223	0.52048	507.91	0.0095653	4.5430e-05	0.035596	vapor
480.00	1.0000	0.64622	1.5475	235.08	391.88	4.3556	0.31223	0.52047	511.32	0.0046305	4.5857e-05	0.035929	vapor
490.00	1.0000	0.63775	1.5680	238.20	397.08	4.3624	0.31223	0.52047	514.70	-0.00015575	4.6282e-05	0.036260	vapor
500.00	1.0000	0.62950	1.5886	241.33	402.29	4.3692	0.31223	0.52047	518.06	-0.0047998	4.6704e-05	0.036589	vapor
510.00	1.0000	0.62146	1.6091	244.45	407.49	4.3759	0.31222	0.52046	521.40	-0.0093075	4.7123e-05	0.036916	vapor
520.00	1.0000	0.61363	1.6297	247.57	412.70	4.3825	0.31222	0.52046	524.72	-0.013685	4.7540e-05	0.037241	vapor
530.00	1.0000	0.60599	1.6502	250.69	417.90	4.3890	0.31222	0.52045	528.01	-0.017936	4.7955e-05	0.037564	vapor
540.00	1.0000	0.59853	1.6707	253.82	423.10	4.3955	0.31222	0.52045	531.29	-0.022068	4.8367e-05	0.037885	vapor
550.00	1.0000	0.59126	1.6913	256.94	428.31	4.4018	0.31222	0.52045	534.54	-0.026083	4.8777e-05	0.038205	vapor
560.00	1.0000	0.58417	1.7118	260.06	433.51	4.4081	0.31222	0.52044	537.78	-0.029988	4.9185e-05	0.038522	vapor
570.00	1.0000	0.57724	1.7324	263.18	438.72	4.4143	0.31222	0.52044	540.99	-0.033786	4.9590e-05	0.038838	vapor
580.00	1.0000	0.57047	1.7529	266.31	443.92	4.4205	0.31222	0.52044	544.19	-0.037481	4.9994e-05	0.039152	vapor
590.00	1.0000	0.56386	1.7735	269.43	449.13	4.4265	0.31222	0.52044	547.37	-0.041078	5.0395e-05	0.039464	vapor
600.00	1.0000	0.55741	1.7940	272.55	454.33	4.4325	0.31222	0.52043	550.53	-0.044579	5.0794e-05	0.039775	vapor
610.00	1.0000	0.55110	1.8146	275.67	459.54	4.4385	0.31222	0.52043	553.67	-0.047989	5.1191e-05	0.040084	vapor
620.00	1.0000	0.54493	1.8351	278.80	464.74	4.4443	0.31222	0.52043	556.80	-0.051310	5.1585e-05	0.040391	vapor
630.00	1.0000	0.53889	1.8557	281.92	469.94	4.4501	0.31222	0.52043	559.90	-0.054546	5.1978e-05	0.040697	vapor
640.00	1.0000	0.53299	1.8762	285.04	475.15	4.4558	0.31222	0.52042	562.99	-0.057700	5.2369e-05	0.041001	vapor
650.00	1.0000	0.52722	1.8967	288.16	480.35	4.4615	0.31222	0.52042	566.06	-0.060775	5.2758e-05	0.041304	vapor
660.00	1.0000	0.52157	1.9173	291.29	485.56	4.4671	0.31222	0.52042	569.12	-0.063774	5.3145e-05	0.041605	vapor
670.00	1.0000	0.51604	1.9378	294.41	490.76	4.4727	0.31222	0.52042	572.16	-0.066699	5.3530e-05	0.041905	vapor
680.00	1.0000	0.51063	1.9584	297.53	495.97	4.4781	0.31222	0.52041	575.18	-0.069552	5.3914e-05	0.042203	vapor
690.00	1.0000	0.50533	1.9789	300.66	501.17	4.4836	0.31222	0.52041	578.19	-0.072337	5.4295e-05	0.042500	vapor
700.00	1.0000	0.50013	1.9995	303.78	506.37	4.4890	0.31222	0.52041	581.18	-0.075055	5.4675e-05	0.042795	vapor
710.00	1.0000	0.49505	2.0200	306.90	511.58	4.4943	0.31222	0.52041	584.16	-0.077708	5.5053e-05	0.043089	vapor
720.00	1.0000	0.49006	2.0406	310.02	516.78	4.4995	0.31222	0.52041	587.12	-0.080300	5.5429e-05	0.043382	vapor
730.00	1.0000	0.48518	2.0611	313.14	521.99	4.5048	0.31222	0.52041	590.07	-0.082831	5.5804e-05	0.043673	vapor
740.00	1.0000	0.48039	2.0816	316.27	527.19	4.5099	0.31222	0.52040	593.00	-0.085304	5.6177e-05	0.043963	vapor
750.00	1.0000	0.47570	2.1022	319.39	532.39	4.5150	0.31222	0.52040	595.92	-0.087720	5.6548e-05	0.044251	vapor
760.00	1.0000	0.47109	2.1227	322.51	537.60	4.5201	0.31222	0.52040	598.82	-0.090082	5.6917e-05	0.044539	vapor
770.00	1.0000	0.46658	2.1433	325.63	542.80	4.5251	0.31222	0.52040	601.71	-0.092391	5.7286e-05	0.044825	vapor
780.00	1.0000	0.46215	2.1638	328.76	548.01	4.5301	0.31222	0.52040	604.59	-0.094648	5.7652e-05	0.045110	vapor
790.00	1.0000	0.45780	2.1844	331.88	553.21	4.5350	0.31222	0.52040	607.45	-0.096856	5.8017e-05	0.045393	vapor
800.00	1.0000	0.45353	2.2049	335.00	558.41	4.5399	0.31222	0.52040	610.30	-0.099015	5.8380e-05	0.045676	vapor
810.00	1.0000	0.44935	2.2254	338.12	563.62	4.5447	0.31222	0.52039	613.14	-0.10113	5.8742e-05	0.045957	vapor
820.00	1.0000	0.44524	2.2460	341.25	568.82	4.5495	0.31221	0.52039	615.96	-0.10319	5.9103e-05	0.046237	vapor
830.00	1.0000	0.44120	2.2665	344.37	574.03	4.5542	0.31221	0.52039	618.77	-0.10522	5.9462e-05	0.046516	vapor
840.00	1.0000	0.43724	2.2871	347.49	579.23	4.5589	0.31221	0.52039	621.57	-0.10720	5.9820e-05	0.046793	vapor
850.00	1.0000	0.43335	2.3076	350.61	584.43	4.5636	0.31221	0.52039	624.35	-0.10914	6.0176e-05	0.047070	vapor
860.00	1.0000	0.42952	2.3282	353.74	589.64	4.5682	0.31221	0.52039	627.12	-0.11103	6.0531e-05	0.047346	vapor
870.00	1.0000	0.42577	2.3487	356.86	594.84	4.5727	0.31221	0.52039	629.88	-0.11289	6.0884e-05	0.047620	vapor
880.00	1.0000	0.42207	2.3692	359.98	600.04	4.5773	0.31221	0.52039	632.63	-0.11471	6.1237e-05	0.047894	vapor
890.00	1.0000	0.41845	2.3898	363.10	605.25	4.5818	0.31221	0.52038	635.37	-0.11650	6.1587e-05	0.048166	vapor
900.00	1.0000	0.41488	2.4103	366.23	610.45	4.5862	0.31221	0.52038	638.09	-0.11825	6.1937e-05	0.048437	vapor
910.00	1.0000	0.41137	2.4309	369.35	615.66	4.5906	0.31221	0.52038	640.80	-0.11996	6.2285e-05	0.048708	vapor
920.00	1.0000	0.40793	2.4514	372.47	620.86	4.5950	0.31221	0.52038	643.50	-0.12164	6.2632e-05	0.048977	vapor
930.00	1.0000	0.40454	2.4720	375.59	626.06	4.5994	0.31221	0.52038	646.19	-0.12328	6.2978e-05	0.049245	vapor
940.00	1.0000	0.40120	2.4925	378.71	631.27	4.6037	0.31221	0.52038	648.87	-0.12490	6.3323e-05	0.049513	vapor
950.00	1.0000	0.39792	2.5130	381.84	636.47	4.6079	0.31221	0.52038	651.54	-0.12648	6.3666e-05	0.049779	vapor
960.00	1.0000	0.39470	2.5336	384.96	641.68	4.6122	0.31221	0.52038	654.20	-0.12803	6.4008e-05	0.050045	vapor
970.00	1.0000	0.39152	2.5541	388.08	646.88	4.6164	0.31221	0.52038	656.84	-0.12955	6.4349e-05	0.050309	vapor
980.00	1.0000	0.38840	2.5747	391.20	652.08	4.6205	0.31221	0.52038	659.48	-0.13104	6.4689e-05	0.050573	vapor
990.00	1.0000	0.38532	2.5952	394.33	657.29	4.6247	0.31221	0.52038	662.10	-0.13251	6.5028e-05	0.050836	vapor
1000.0	1.0000	0.38230	2.6158	397.45	662.49	4.6288	0.31221	0.52037	664.72	-0.13394	6.5365e-05	0.051097	vapor
1010.0	1.0000	0.37932	2.6363	400.57	667.69	4.6329	0.31221	0.52037	667.32	-0.13535	6.5702e-05	0.051358	vapor
1020.0	1.0000	0.37639	2.6568	403.69	672.90	4.6369	0.31221	0.52037	669.92	-0.13674	6.6037e-05	0.051618	vapor
1030.0	1.0000	0.37350	2.6774	406.81	678.10	4.6409	0.31221	0.52037	672.50	-0.13810	6.6372e-05	0.051878	vapor
1040.0	1.0000	0.37065	2.6979	409.94	683.31	4.6449	0.31221	0.52037	675.08	-0.13943	6.6705e-05	0.052136	vapor
1050.0	1.0000	0.36785	2.7185	413.06	688.51	4.6488	0.31221	0.52037	677.64	-0.14074	6.7037e-05	0.052394	vapor
1060.0	1.0000	0.36509	2.7390	416.18	693.71	4.6528	0.31221	0.52037	680.19	-0.14202	6.7368e-05	0.052651	vapor
1070.0	1.0000	0.36238	2.7596	419.30	698.92	4.6566	0.31221	0.52037	682.74	-0.14329	6.7699e-05	0.052907	vapor
1080.0	1.0000	0.35970	2.7801	422.43	704.12	4.6605	0.31221	0.52037	685.28	-0.14453	6.8028e-05	0.053162	vapor
1090.0	1.0000	0.35706	2.8006	425.55	709.32	4.6643	0.31221	0.52037	687.80	-0.14574	6.8356e-05	0.053416	vapor
1100.0	1.0000	0.35446	2.8212	428.67	714.53	4.6681	0.31221	0.52037	690.32	-0.14694	6.8683e-05	0.053670	vapor
1110.0	1.0000	0.35190	2.8417	431.79	719.73	4.6719	0.31221	0.52037	692.83	-0.14812	6.9009e-05	0.053923	vapor
1120.0	1.0000	0.34937	2.8623	434.92	724.93	4.6757	0.31221	0.52037	695.33	-0.14927	6.9335e-05	0.054175	vapor
1130.0	1.0000	0.34688	2.8828	438.04	730.14	4.6794	0.31221	0.52037	697.82	-0.15041	6.9659e-05	0.054426	vapor
1140.0	1.0000	0.34443	2.9034	441.16	735.34	4.6831	0.31221	0.52037	700.30	-0.15152	6.9983e-05	0.054677	vapor
1150.0	1.0000	0.34201	2.9239	444.28	740.55	4.6867	0.31221	0.52036	702.77	-0.15262	7.0305e-05	0.054927	vapor
1160.0	1.0000	0.33962	2.9444	447.40	745.75	4.6904	0.31221	0.52036	705.23	-0.15369	7.0627e-05	0.055176	vapor
1170.0	1.0000	0.33727	2.9650	450.53	750.95	4.6940	0.31221	0.52036	707.69	-0.15475	7.0948e-05	0.055424	vapor
1180.0	1.0000	0.33495	2.9855	453.65	756.16	4.6976	0.31221	0.52036	710.14	-0.15580	7.1267e-05	0.055672	vapor
1190.0	1.0000	0.33266	3.0061	456.77	761.36	4.7012	0.31221	0.52036	712.57	-0.15682	7.1586e-05	0.055919	vapor
1200.0	1.0000	0.33040	3.0266	459.89	766.56	4.7047	0.31221	0.52036	715.00	-0.15783	7.1905e-05	0.056166	vapor
1210.0	1.0000	0.32818	3.0472	463.01	771.77	4.7082	0.31221	0.52036	717.43	-0.15882	7.2222e-05	0.056412	vapor
1220.0	1.0000	0.32598	3.0677	466.14	776.97	4.7117	0.31221	0.52036	719.84	-0.15979	7.2538e-05	0.056657	vapor
1230.0	1.0000	0.32381	3.0882	469.26	782.17	4.7152	0.31221	0.52036	722.24	-0.16075	7.2854e-05	0.056901	vapor
1240.0	1.0000	0.32167	3.1088	472.38	787.38	4.7187	0.31221	0.52036	724.64	-0.16169	7.3169e-05	0.057145	vapor
1250.0	1.0000	0.31956	3.1293	475.50	792.58	4.7221	0.31221	0.52036	727.03	-0.16262	7.3483e-05	0.057388	vapor
1260.0	1.0000	0.31747	3.1499	478.63	797.79	4.7255	0.31221	0.52036	729.41	-0.16353	7.3796e-05	0.057631	vapor
1270.0	1.0000	0.31542	3.1704	481.75	802.99	4.7289	0.31221	0.52036	731.79	-0.16443	7.4109e-05	0.057873	vapor
1280.0	1.0000	0.31339	3.1909	484.87	808.19	4.7322	0.31221	0.52036	734.15	-0.16531	7.4421e-05	0.058114	vapor
1290.0	1.0000	0.31138	3.2115	487.99	813.40	4.7356	0.31221	0.52036	736.51	-0.16618	7.4732e-05	0.058355	vapor
1300.0	1.0000	0.30940	3.2320	491.11	818.60	4.7389	0.31221	0.52036	738.86	-0.16704	7.5042e-05	0.058595	vapor
1310.0	1.0000	0.30745	3.2526	494.24	823.80	4.7422	0.31221	0.52036	741.21	-0.16788	7.5351e-05	0.058835	vapor
1320.0	1.0000	0.30552	3.2731	497.36	829.01	4.7455	0.31221	0.52036	743.54	-0.16871	7.5660e-05	0.059074	vapor
1330.0	1.0000	0.30361	3.2937	500.48	834.21	4.7487	0.31221	0.52036	745.87	-0.16953	7.5968e-05	0.059312	vapor
1340.0	1.0000	0.30173	3.3142	503.60	839.41	4.7520	0.31221	0.52036	748.19	-0.17033	7.6275e-05	0.059550	vapor
1350.0	1.0000	0.29987	3.3347	506.73	844.62	4.7552	0.31221	0.52036	750.51	-0.17112	7.6582e-05	0.059787	vapor
1360.0	1.0000	0.29804	3.3553	509.85	849.82	4.7584	0.31221	0.52036	752.82	-0.17190	7.6888e-05	0.060024	vapor
1370.0	1.0000	0.29622	3.3758	512.97	855.02	4.7615	0.31221	0.52036	755.12	-0.17267	7.7193e-05	0.060260	vapor
1380.0	1.0000	0.29443	3.3964	516.09	860.23	4.7647	0.31221	0.52035	757.41	-0.17342	7.7498e-05	0.060496	vapor
1390.0	1.0000	0.29266	3.4169	519.21	865.43	4.7678	0.31221	0.52035	759.70	-0.17417	7.7801e-05	0.060731	vapor
1400.0	1.0000	0.29091	3.4374	522.34	870.64	4.7710	0.31221	0.52035	761.98	-0.17490	7.8105e-05	0.060966	vapor
1410.0	1.0000	0.28919	3.4580	525.46	875.84	4.7741	0.31221	0.52035	764.25	-0.17562	7.8407e-05	0.061200	vapor
1420.0	1.0000	0.28748	3.4785	528.58	881.04	4.7771	0.31221	0.52035	766.52	-0.17633	7.8709e-05	0.061433	vapor
1430.0	1.0000	0.28579	3.4991	531.70	886.25	4.7802	0.31221	0.52035	768.78	-0.17703	7.9010e-05	0.061666	vapor
1440.0	1.0000	0.28412	3.5196	534.82	891.45	4.7833	0.31221	0.52035	771.03	-0.17772	7.9311e-05	0.061899	vapor
1450.0	1.0000	0.28247	3.5402	537.95	896.65	4.7863	0.31221	0.52035	773.27	-0.17840	7.9611e-05	0.062131	vapor
1460.0	1.0000	0.28084	3.5607	541.07	901.86	4.7893	0.31221	0.52035	775.51	-0.17907	7.9910e-05	0.062363	vapor
1470.0	1.0000	0.27923	3.5812	544.19	907.06	4.7923	0.31221	0.52035	777.75	-0.17974	8.0209e-05	0.062594	vapor
1480.0	1.0000	0.27764	3.6018	547.31	912.26	4.7953	0.31221	0.52035	779.97	-0.18039	8.0507e-05	0.062825	vapor
1490.0	1.0000	0.27607	3.6223	550.44	917.47	4.7982	0.31221	0.52035	782.19	-0.18103	8.0805e-05	0.063055	vapor
1500.0	1.0000	0.27451	3.6429	553.56	922.67	4.8012	0.31221	0.52035	784.41	-0.18166	8.1102e-05	0.063285	vapor
1510.0	1.0000	0.27297	3.6634	556.68	927.87	4.8041	0.31221	0.52035	786.62	-0.18228	8.1398e-05	0.063514	vapor
1520.0	1.0000	0.27145	3.6839	559.80	933.08	4.8070	0.31221	0.52035	788.82	-0.18290	8.1694e-05	0.063743	vapor
1530.0	1.0000	0.26994	3.7045	562.92	938.28	4.8099	0.31221	0.52035	791.01	-0.18350	8.1990e-05	0.063971	vapor
1540.0	1.0000	0.26845	3.7250	566.05	943.48	4.8128	0.31221	0.52035	793.20	-0.18410	8.2284e-05	0.064199	vapor
1550.0	1.0000	0.26698	3.7456	569.17	948.69	4.8156	0.31221	0.52035	795.39	-0.18469	8.2578e-05	0.064427	vapor
1560.0	1.0000	0.26553	3.7661	572.29	953.89	4.8185	0.31221	0.52035	797.57	-0.18527	8.2872e-05	0.064654	vapor
1570.0	1.0000	0.26409	3.7867	575.41	959.10	4.8213	0.31221	0.52035	799.74	-0.18584	8.3165e-05	0.064880	vapor
1580.0	1.0000	0.26266	3.8072	578.53	964.30	4.8241	0.31221	0.52035	801.90	-0.18641	8.3458e-05	0.065107	vapor
1590.0	1.0000	0.26125	3.8277	581.66	969.50	4.8269	0.31221	0.52035	804.06	-0.18696	8.3750e-05	0.065332	vapor
1600.0	1.0000	0.25986	3.8483	584.78	974.71	4.8297	0.31221	0.52035	806.22	-0.18751	8.4041e-05	0.065558	vapor
1610.0	1.0000	0.25848	3.8688	587.90	979.91	4.8325	0.31221	0.52035	808.37	-0.18805	8.4332e-05	0.065783	vapor
1620.0	1.0000	0.25711	3.8894	591.02	985.11	4.8352	0.31221	0.52035	810.51	-0.18859	8.4623e-05	0.066007	vapor
1630.0	1.0000	0.25576	3.9099	594.15	990.32	4.8380	0.31221	0.52035	812.65	-0.18911	8.4913e-05	0.066232	vapor
1640.0	1.0000	0.25442	3.9304	597.27	995.52	4.8407	0.31221	0.52035	814.78	-0.18963	8.5202e-05	0.066455	vapor
1650.0	1.0000	0.25310	3.9510	600.39	1000.7	4.8434	0.31221	0.52035	816.90	-0.19014	8.5491e-05	0.066679	vapor
1660.0	1.0000	0.25179	3.9715	603.51	1005.9	4.8461	0.31221	0.52035	819.02	-0.19065	8.5780e-05	0.066902	vapor
1670.0	1.0000	0.25050	3.9921	606.63	1011.1	4.8488	0.31221	0.52035	821.14	-0.19115	8.6068e-05	0.067125	vapor
1680.0	1.0000	0.24921	4.0126	609.76	1016.3	4.8515	0.31221	0.52035	823.25	-0.19164	8.6355e-05	0.067347	vapor
1690.0	1.0000	0.24794	4.0332	612.88	1021.5	4.8541	0.31221	0.52035	825.35	-0.19213	8.6642e-05	0.067569	vapor
1700.0	1.0000	0.24669	4.0537	616.00	1026.7	4.8568	0.31221	0.52035	827.45	-0.19261	8.6929e-05	0.067790	vapor
